   1391.08749234024
   1391.05705542024
   1388.15119198989
   1385.10825159028
   1385.07831409993
   1375.13578748005
   1375.10941073997
   1373.10224523023
   1132.10295438021
   1126.05748850992
   1125.88942081016
   1125.05598621024
   1121.79691502033
   1119.87145726988
   1119.82741039013
   1117.87607242027
   1117.81161177019
    1109.9957391303
   1109.95199087029
   1109.04209621996
   1108.99925534008
   1108.01006089011
   1107.10332015017
   1107.05939654028
       1105.1181969
   1105.07292259019
   1101.90318359016
    1101.8518942399
    1100.8929474703
   1100.84966565017
   1099.91162051028
   1099.86768242018
   1098.07161125029
   1098.02670266991
   1097.12195324991
   1097.07509677019
    1096.1021338203
   1094.86800361006
   1093.94626170024
      1093.90244052
    1087.0109677203
   1086.88824955001
   1081.95706785005
   1081.91355105024
      1080.96045327
   1080.91660604021
   1079.96720152022
   1078.91197352018
   1077.95578428032
    1077.9123271103
   1076.96183637017
   1076.91814482026
   1072.99390927004
   1072.95081668999
   1071.97656438034
   1071.92602271028
   1070.99846136989
   1070.95492086001
   1070.05257131997
    1070.0088068503
   1064.99916626001
   1064.95517264027
   1063.00835840032
   1062.96421256009
   1062.06079242006
    1062.0595019199
   1061.98211360024
   1060.00597588019
   1059.96126465034
   1058.96543306019
   1057.97619174002
   1055.97413850017
   1055.96991570015
   1054.98503027996
    1054.9726766902
      1050.98785146
   1050.98355862033
   1050.00633005006
   1049.98786072014
    1049.0596402199
   1048.99615239026
   1048.03851580014
    1047.9950736803
   1047.04617206007
   1047.00240411004
   1045.05064023007
   1045.00351059996
   1044.05718709994
   1044.01279417006
   1043.05232715001
   1043.00869000005
   1042.06130630989
   1042.01680574007
   1041.05468305992
      1041.01089891
   1037.04208872002
   1035.09760376019
   1035.05371893989
    1025.1125632599
   1025.06067899009
    1024.1058821301
   1024.06164602004
   1023.10910723032
   1023.06502739014
   1022.12683409033
   1022.08226117026
   1021.10941048991
   1021.06464023003
   1020.11539486004
   1018.11784682004
   1018.07688850025
   1014.12960381992
   1014.08516746992
   1013.09507257026
   1012.13537350018
   1012.09027221007
    1011.1357513899
   1011.09996493021
   1010.13030579034
   1007.12440880015
   1007.10487408005
   1006.11748633999
   1006.11095623998
   1002.11992904032
   1002.11677337019
   1001.13722130004
   1001.13162406022
   1000.12637523003
   1000.12314317003
   999.128485749941
   999.125319099985
   912.778604490217
   912.732776360121
   911.776488160249
    911.73197602015
   910.776514790021
   910.733596960083
    909.77804604033
   908.776704030111
   908.733808760066
   907.778857369907
   907.735762469936
   902.783141530119
   902.739459800068
   901.783309930004
   901.740072660148
    900.78694245033
   900.742876480334
   899.803915259894
   899.756362590007
   898.787606230006
   898.743943030015
   897.793903680053
   897.749995120335
   893.796885160264
   893.752877640072
   892.797296040226
   892.753750900272
   890.803713290021
   890.758519419935
   889.755966180004
   888.813163520303
   888.755264780018
   887.810940139927
   887.765850429889
   884.811145579908
   884.760949390009
   883.805765369907
   883.761282139923
   882.798149050213
   882.752820929978
   881.823327289894
   881.779666990042
   880.834024050273
   880.790140360128
   878.883344060276
   878.831910610199
   877.821417560335
   877.777978910133
   876.846760740038
   876.793259010185
   875.843237580266
   875.799229480326
   873.817971390206
   873.774785050191
   872.831436090171
   872.787693609949
   871.830062829889
    871.78671038989
    869.84180530021
   869.784801250324
   868.813804710284
   868.770783890039
   853.809764840174
   853.765918770339
   852.812582540326
   852.780667040031
   851.829410090111
   851.784782780334
   850.878784520086
    850.78482733015
   849.880716230255
   849.802599899936
   848.817015999928
   848.772544350009
   843.951423980296
   843.903847000096
   842.899888100103
    842.85639852006
   841.942791450303
   841.899978950154
   840.912642139941
   840.869612640236
   839.930685560219
   839.887478379998
   830.018279890064
   829.972533360124
   827.901080230251
   827.856790880207
    826.90006229002
   826.856220280286
   825.881066920236
   825.837004419882
   824.914528150111
   824.858696539886
   822.885649099946
    822.84221275989
   821.889413570054
   821.844976070337
   820.899694229942
    820.85650904011
    815.87959301006
   814.825905510224
   814.783226110041
   813.881592430174
   813.838361530099
   812.907404340338
   812.864542070311
   811.926858640276
   811.883329119999
   810.946007939987
   810.902274719905
   801.956435590051
    801.90249520028
   800.988391620107
   800.944579690229
   800.045531089883
   800.002486530226
   798.964315799996
   798.920575649943
   797.920555389952
   797.876750990283
   796.987570430152
   796.943776459899
   793.062680390198
   793.018790930044
   791.925515460316
   789.880964530166
   788.020155500155
   786.849914770108
    786.84871337004
   785.950616159942
   785.906511399895
   784.990174610168
   784.936027040239
   784.033574480098
   783.989950649906
   783.084199490026
   783.039545560256
   781.818101679906
   781.775025300216
   770.859664190095
   770.816242319997
   769.885429820046
   769.840057710186
   761.888972100336
   761.844194910023
   757.801836689934
   757.798205900006
   756.850356949959
   756.806584380101
   755.837002200074
   754.847296180204
   754.805172909983
    753.89292290993
   753.849716320168
   752.930088430177
   752.886306019966
   751.877409019973
   751.833561229985
   726.925826849882
   725.143070490099
   725.098799080122
   724.031090150122
   723.002315280028
   722.958948380314
   721.940372560173
   720.075550800189
   720.019591890275
    709.13101960998
   709.087232570164
    708.13295768993
   708.089181050193
   707.129172390327
   707.084419490304
   706.135231980123
   705.148314730264
   705.104650970083
   704.126689170022
   704.082665429916
   702.049076320138
   702.003356399946
   701.051454780158
   701.007751089986
   700.054629560094
   700.010480260011
   699.108864509966
    699.06461335998
     698.0415294501
   697.998608720023
   697.024797390215
   696.981174699962
   696.020568789914
   695.975196110085
   693.158619720023
   680.159922370221
    651.12805321021
   650.129184579942
   649.147618600167
   649.103337940294
   632.130183429923
   554.767287690192
   554.723574140109
   553.767884900328
   553.724689890165
   552.769218820147
   552.725945670158
   551.769552150276
   551.725872760173
   550.770923669916
   550.727777270135
    549.77454926027
   549.730857709888
   548.775862339884
   548.731578200124
   547.775982710067
    547.73281604005
    546.77714243019
   546.733271470293
   545.776420210022
   545.732295779977
   544.734882580116
   543.777424250264
   543.733792890329
   542.778089189902
   542.734923680313
   541.779326460324
   541.735475759953
   540.781010480132
   540.736034790054
   537.828730389941
   537.752413830254
   536.800649380311
   536.756861180067
   535.787170200143
     533.8196615302
   533.775936410297
   532.805817770306
   532.761900530197
   531.803600769956
   531.760007020086
   530.806857130025
   530.761615230236
   529.809496019967
   528.831344400067
   528.786957229953
   527.832033640239
   527.788749480154
   519.806909210049
   519.763475189917
   518.808533099946
   518.765373949893
   517.813096760307
   517.768869909924
   516.815191090107
   516.768222909886
   515.807750680018
   515.764073030092
   514.806817830075
   514.762991430238
   513.808897689916
   513.765872220043
   512.799125120044
   512.756064920221
   511.801536580082
   510.826960190199
   510.779905780219
   509.821463660337
   509.777062620036
   508.802811460104
   508.759335190058
   507.804166190326
   507.758981599938
   506.802195719909
   506.757129160222
   504.895460190251
   504.851163890213
   503.899714240339
   503.856598500162
   502.904848500155
   502.851674309932
   501.900214230176
   501.856396530289
   500.895956709981
   500.852389010135
   499.897726970259
   499.853645940311
   498.891247800086
    498.84677211009
   497.893917360343
   497.850379739888
   496.897669100203
   496.854564350098
   495.902809720021
   495.859123379923
   494.907747799996
   494.864166200161
   493.895486810245
   493.851767479908
   492.894103110302
   492.850634380244
   491.898194560315
   491.852853130084
   490.895352550317
   490.851952080149
   489.849862960167
   489.802912150044
   488.850426620338
   488.794349079952
   487.840638990048
   487.794454399962
    486.82392487023
   486.770699189976
   485.819305090234
   485.774802780244
   484.821187030058
   484.777464230079
   483.806709030177
   483.763464230113
   481.933708450291
   481.889647100121
   480.928453820292
   480.883322450332
   479.809504750185
   478.855717699975
   478.812011110131
    476.94466446992
   476.901329980232
     475.8274376099
   475.783507630229
   474.824523259886
   474.780638430268
   473.802788889967
   473.759073609952
   471.996618750039
   471.953007630073
   470.986055080313
   470.942919100169
   469.989394790027
   469.945146529935
    468.98364830995
   468.939488590229
   467.975350850262
    467.93125767028
   466.979916830081
   466.936620530207
   465.985138470307
   465.940926670097
    464.98923049029
   464.945145420264
   463.992900050245
   463.949340440333
   461.043446919881
   460.985134419985
   460.025757669937
   459.977736850269
   459.014429559931
   458.970902360044
   456.879011739977
   456.835887890309
   456.033967739902
   455.991138460115
   455.037304560188
   454.995611850172
    454.95220906008
   454.910564400256
   454.866838700138
   454.823130370118
   451.905301670078
   451.853835809976
    450.89977330016
   450.853928400204
   449.879379210062
   449.835347390268
   448.819977019913
   448.775978170335
   448.018362420145
   447.028732790146
   446.982254790142
   442.975623430219
   442.927783150226
   441.975417410024
    441.92819056008
   440.976132110227
    440.91873511998
    439.92439020006
   439.826354910154
   438.790736840107
   438.747606640216
   437.062514619902
    437.01872759033
   436.017093330156
   435.973154100124
   434.946847959887
   434.903665659949
   432.836810919922
   431.069755370263
   431.007961380295
   429.951165660284
   429.907918570098
   428.901876899879
   428.857927829958
   416.090923239943
   415.078446970321
    415.07731444994
   414.046199850272
   414.006166300271
   412.960449269973
   412.916837590281
   411.791071380023
   411.747473580297
   408.997689430136
   408.954784919973
   402.937021620106
   402.893334120046
   401.870772779919
   401.827335860115
   398.983173239976
   398.931728800293
   396.076902410015
   395.961140240077
   393.049910509959
   392.981898940168
   389.989058660343
   389.945031459909
   387.053787810262
   387.009558069985
   371.948914560024
   369.033799449913
   368.989703950007
    364.93714435026
   364.892968439963
   362.009425600059
   361.965543080121
    345.96238161996
   345.917220150121
   344.968245610129
   344.125463800039
   340.054050600156
   340.009046549909
   332.012712050229
   331.967398969922
    327.02379307989
   326.979022250045
   324.084708000068
   324.040306970011
   323.142452800181
   321.108889719937
   321.064876399934
   319.085234669968
   319.030814540107
   318.153724260163
   316.152147290297
   316.107493940275
   304.118984680157
   304.074290229939
   299.144342890009
   299.100509549957
   288.122548320331
   287.126278070267
   188.747077940032
   182.786339499988
   182.741533960216
    162.75802821992
   161.752419420052
   158.850305419881
   158.767074500211
   151.846124850214
   151.766358660068
   147.866389330011
   147.788792110048
   144.901642800309
   144.804308889899
   142.863861550111
    142.79157161992
   139.886498699896
   139.789843020029
   136.857560050208
   136.780494649895
   132.932811189909
   132.845763749909
   125.860620229971
   124.857222659979
   102.966778839938
   102.919933940284
   102.850569350179
   102.791849450208
   96.0367962103337
   96.0126364799216
   95.9807192399167
    95.938102920074
   95.8883448201232
   95.8331723501906
   26.0879924301989
   26.0491209002212
   25.9148307703435
   25.8395283003338
   12.9980491902679
   5.06872801017016
   5.02602950017899
   1.07698435988277
   1.04009895026684
 0.0848252200521529
