  922.76441925019
     922.72135675
 921.766521689948
 921.722845769953
  920.76857320033
 920.724265330005
 917.770452830009
 917.726794840302
 916.780418730341
 916.736479490064
 915.773857390042
 914.774930300191
 913.775301829912
 913.731561090332
 896.863972550258
 896.781489320099
 895.823205190245
 895.777661189903
 894.838637480047
 894.782037940342
 866.921995739918
 866.833853960037
 865.862066910136
 865.803014260251
 864.872546080034
 864.827068080194
  862.95940025989
 862.854099320248
 861.924837170169
 861.880475489888
 860.962387519889
 860.865253840107
 859.837355120108
 859.787193070166
 858.870377110317
 858.790882320143
 857.846544930246
 857.800260790158
 856.835158939939
 856.786385789979
 855.835451760329
 855.791996320244
 854.840548400301
 854.794899680186
 838.861603959929
 838.817879409995
  837.91430651024
 837.870285670273
 835.894401990343
 835.842820390128
  834.84818786988
 834.799179770052
  833.87299977988
 833.828463899903
 832.913921080064
 832.870444820262
 831.912617269903
 831.869200010318
 830.843134620227
 807.888481900096
 807.844435010105
 806.942822180223
 806.899314650334
 805.932779350318
 805.888720890041
 804.933995200321
 804.890575069934
 803.954305960331
 803.911388149951
 781.044109209906
 780.998433870263
 776.869985950179
 775.785049600061
 775.740788020194
 774.802848210093
 774.759268360212
 773.812962800264
 772.807562920265
 772.749953540042
 771.819451800082
 771.767472640146
 768.857354579959
 768.813345900271
 767.877951220144
 767.834667080082
 750.850120829884
 750.806540970225
 749.887605790049
 749.844567589927
 748.892754500266
 748.849174079951
 747.865141080227
 747.821035770234
 743.013369679917
 741.066199540161
 741.017292710021
 740.965172340162
 715.143203060143
 690.972365079913
 689.971584999934
 688.009750500321
 685.982707110234
 684.985307800118
 681.147954789922
 680.999452470336
 364.125085890293
 94.0569246700034
 94.0301839201711
 93.9955809302628
 93.9520548903383
 93.8982857898809
 93.8369848500006
 41.0481035299599
 41.0121902599931
 39.9615311902016
 39.8457997199148
 37.0638674302027
 36.9834224199876
 35.9352354900911
 35.8395150001161
 34.7909993799403
 33.7940728701651
 29.0781805100851
 29.0242812102661
  13.095142360311
 10.9295902801678
 10.8568645799533
 9.09262325009331
 9.05616204021499
 7.06756134005263
 7.01189986988902
 6.06509779999033
 6.01407638005912